-0.3466468719425393
0.1251903434950918
3.7459024580947187
2.4059913836434248
1.7332128885717779
-0.3909108553577312
0.2091666666666667
1.1516123952757198
-0.3113505499739517
7.8632665246693989
3.1200851004211358
2.4822397733595292
0.1494910583778335
0.2516666666666667
1.1603852279623652
0.4292194451923592
3.0363073468010100
3.7227805829685963
0.7601282705566259
1.8041147907771489
0.2725000000000000
1.5337623461832663
1.1020481475835595
1.0535546748411093
3.7053290551721716
0.8836763822163363
0.3742018384696593
0.2750000000000000
0.2476882198586736
-0.5145358750116316
-0.0543668327385660
3.7168472681389630
1.8409541555473030
0.6283071034898455
0.2875000000000000
0.0739084412649618
0.0960511445626366
-0.4105640679009355
2.9785019468922656
0.2473382252095480
0.9647978280249134
0.3100000000000000
-1.6643827336539516
-0.3821198401813035
-5.9846763677234378
2.0904918554012966
-0.3984550067706483
0.3984550067706891
0.3175000000000000
-0.5395291843863106
1.7562547965364956
-2.4061615219281691
0.3657091588145249
-1.1009508727612527
1.1009508727612456
0.3175000000000000
0.8367666611576397
-0.0381809032957676
-1.2441161208276128
-0.4409324730024764
-0.5765825947191328
1.7742016993906731
0.2858333333333333
-1.3126796116520154
0.9529151899575936
2.9260141988170290
-0.0888388694549462
0.0983767910132549
-0.0983767910132656
0.2941666666666667
3.7275294464747049
1.5010547282825542
5.8565465387299014
0.0559662336830797
-0.3077493658050656
2.6607991068245127
0.3008333333333334
2.6624288095296151
1.4402122727466917
9.8686473211171517
1.8613449412683849
0.3937497396786505
0.7623325004289328
0.3133333333333333
3.6297939054331891
4.7631533866725135
7.8025011790387850
3.2617077583674927
2.0902450159896446
0.1825800917659635
0.3300000000000000
2.0585642657169956
-2.9568287628028997
-1.8453913939826521
3.9135888738780409
1.9059540621622961
0.3163596163087092
0.3591666666666667
1.4799434996647278
2.1632719054534277
-3.7702634334856100
4.7065939199379727
3.6607817602527959
-0.4172541849373630
0.3666666666666666
1.8629363882250800
-2.5097465216223327
-3.5785605281686230
4.8835399176272745
0.6123856742707101
0.4458252587829819
0.3975000000000000
1.9421449168577283
1.2168865865272664
-1.0939722081456864
4.3271269176773330
0.0565131408089226
2.0268955494752277
0.4258333333333334
-0.0231296313643270
0.6104314932838975
-1.2962039569339652
4.3986957406427223
1.1012584608045106
-0.0756084440855744
0.4275000000000000
0.9233495851051430
0.5956311797955323
1.7819708411122122
4.9085491175370635
-0.0950384418145322
2.1153091735664873
0.4166666666666667
-0.0666815494147386
1.6251556544497703
1.4399044566490318
3.9634832770294679
0.1899866463281885
-0.1899866463282152
0.4366666666666667
0.3275542182182107
-0.3189938896706508
-7.6835705406435864
3.7974863753082673
1.1434405221005584
-0.1484074367837138
0.4708333333333333
2.8899995163220638
2.9853311740012032
6.5551646971210005
4.6646951106122856
0.2920836443186303
2.6349545856926611
0.4983333333333334
0.9528201533834135
0.6547506086183148
3.0539825203964597
5.7449873469126373
0.0000000000000000
0.9569451016150694
0.5200000000000000
0.5383298478515144
0.3697277606921716
0.7001808292411056
4.4108966905545230
0.1869262185940190
1.6999222118442674
0.5633333333333332
-0.8250084054884610
-0.3037384957571589
0.3082512120120953
3.1434609119424977
0.3837513617928057
0.5464879044385640
0.5141666666666667
-1.9284216912895999
-0.7713884927600248
-1.8360408975822224
1.5269479305312643
0.2186271093823855
0.7030384011100068
0.3933333333333334
-0.8405518093624096
0.1846041617464493
-2.3365294689992311
0.6858060164553308
0.3216050304051255
0.5916433259221137
0.2900000000000000
-0.1866970258159881
0.8114553050933182
1.6647311251607846
-0.0510200591485841
0.0924742361980258
-0.0924742361980080
0.2225000000000000
0.8525393622319371
0.5769321447306766
3.5250803739222647
-0.5343550563516715
0.1792650614519609
0.7257184905397836
0.2566666666666667
1.6457370876656796
1.3772438598950885
1.6656174284161693
0.2183548688062729
0.2818277297615968
0.6150392685144865
0.2466666666666667
2.5216388894262991
1.7372701861299333
3.0857968568531646
1.2809375771305440
0.4805235604724789
0.4083711812521429
0.3358333333333333
1.2566597735647065
1.2170281410149641
4.2169299862435992
2.3535846313614570
0.4192427532753396
0.4618202149401114
0.3750000000000000
1.0039386644949673
0.5598474405520051
2.3440922408192648
3.8192187072966135
0.7427826920789027
0.1305853047965826
0.4850000000000000
0.2600826832132270
0.2391310640139750
0.0793325106021996
4.6926382589660420
1.0064710450713221
-0.1406647707598836
0.5891666666666667
-0.7383949484573122
-0.6746298170782552
-1.2763616063771224
4.4651424772420683
1.0068782950521715
0.7025650408778361
0.6208333333333334
0.5125204961950658
0.1546956417122374
0.9331741028833562
4.1576695853851220
0.5775099945568130
1.9330821185508356
0.6733333333333333
-0.4156409905851888
-0.3910668961670467
0.0375058825424048
4.1543740790755805
1.2783679246814561
-0.4553180110299309
0.7025000000000000
1.3332958324758692
1.2926664109688772
-0.5238603740869507
3.9570726887758383
0.3834066501822164
1.2426454369958506
0.7316666666666666
0.3442462909516735
-0.0924196744412598
-0.7969525929747476
3.6625459257392663
1.4034429213351185
0.1965912133089915
0.7333333333333334
-0.5383211636196847
-0.1612457804708356
-1.4043607614130167
2.7157540719040298
0.6819119885884462
0.8929237082254673
0.7500000000000000
0.6274112132399523
0.6666211753666858
0.6386351023708414
2.3081755933598060
0.5928821890732738
0.1853318551322332
0.8083333333333335
-1.4510222080148196
0.1898125241573325
-1.8267325599067590
0.5119005313235903
0.0099344327520345
1.5285574511958799
0.8133333333333334
-3.0804012787623378
-1.5964772123128341
-8.7466724954633719
-1.3717892022099818
1.0966322110730342
-1.0966322110730360
0.4658333333333334
0.3273540284546925
0.4186376033385386
-2.9277410793723959
-1.8679184527309758
0.3139257985955712
1.2012547034646772
0.2350000000000000
2.0077202551614164
0.7927141014150720
0.4878708882332035
-1.3213814237079760
0.6541075747974023
0.0949595981183506
0.3308333333333333
1.8919502774748480
0.3819891347035309
5.3358266186896799
-0.3466837297198140
0.4998918415414888
0.9816167369725761
0.5408333333333334
1.5162236416861106
1.9067076540473522
5.5231104835306155
0.2377826592150996
0.2321084214203406
0.5004955877869435
0.6425000000000000
2.2262584346864287
1.5474801978172650
3.1634647228907511
1.5174915893443881
0.0000000000000000
0.7272759329079861
0.7708333333333334
-0.4328723231770937
1.0388860183679753
0.9961466042450979
1.0526980126097101
0.2363896221032835
0.4856351752453989
0.8941666666666667
0.0340328845528575
-0.0840638060431615
-1.9254374631057658
0.5484405624061424
0.4183402345643295
1.0102554901833543
0.9975000000000001
1.5211108091108372
-0.0072655806022794
2.4128437116108330
0.0408303535522805
0.4357096740042810
1.6696312457789162
0.9833333333333334
-0.7818871879500193
1.1290243779424713
-2.4431837559054088
1.1407771244248011
0.3481582150403728
-0.3481582150403639
0.9241666666666667
-0.1627160217869914
-0.6994886970618950
-3.4829685964062946
0.8538162265959386
0.3801563217347592
0.3118879627226292
0.7341666666666668
-1.6551219534369466
-0.0755912706160871
-1.3193632119343590
-0.1347847099747810
0.2936303317374378
0.3936575970387537
0.5741666666666667
0.2365149441537824
-0.4322641009511585
-2.0812719951568397
-0.8331385941303324
0.2172989659433799
0.4652975410966036
0.5008333333333334
1.5400516530236246
0.9467196185495368
1.1005636917139157
-1.4472723437281161
0.2121191490393137
1.1392527676329820
0.4333333333333333
1.3007932530134667
0.2318677227777926
1.6540989314221690
-1.5703437748563829
0.3102964407904363
0.3586023742892053
0.4208333333333333
1.8646906074519620
1.6098409583970579
2.7530413654331483
-0.8255054066553953
0.3374106954757927
0.3270435763910911
0.6000000000000000
1.6234953082627044
0.7554690553278647
1.5295104239586408
-0.6285255167380797
0.5877430857067711
1.3795334741636935
0.6141666666666666
0.7175785853876278
1.0453582581076830
2.5599923344750266
-0.2532132527284148
0.1487196444579286
0.4985318061038271
0.6516666666666667
0.4595743176721499
0.3758816156818057
0.0265757558824191
-0.3433297574669041
0.2411986882969952
0.4018903447320525
0.7116666666666668
-0.3175076940481176
0.8079520504953166
-1.4794573350960434
-1.1308607689604173
0.3145383970711624
0.3244414128059319
0.7308333333333333
0.8129861708923727
0.2490575393448467
0.4875452398340485
-1.2630898928813963
0.2260409219863480
1.0397987652060152
0.7416666666666667
0.8086032712570841
0.4577087639542015
3.7007149053882245
-0.7944259886266423
0.1979423851585782
0.4290189162009597
0.7408333333333333
1.4542698361408384
1.2216777845670208
1.6566638500162298
-0.9426654060433179
0.1975513471826229
0.4255036278809854
0.8325000000000000
0.3529978461415340
0.0427345745158618
2.1367366775318146
-0.7110968384409944
0.7453337048574316
0.4892498773724761
0.8633333333333333
1.7963592094384921
1.7110604380289942
2.6918446420665134
0.3670141796736743
0.2956765180930798
-0.2956765180930461
0.8658333333333333
0.7551694131670956
1.3208878024075261
-0.0315985813364534
1.3749607673823903
0.2585680408141666
0.9609592685676631
0.8725000000000001
0.9248493769088100
1.3320902244206536
0.9292638507643289
0.7915069002157225
0.3933719720008000
0.8114618796166049
0.8641666666666668
-0.1707346348800911
-0.3135777239021991
0.8889126050844141
0.8597758688566159
0.4951619390193507
0.1018547596310739
0.8941666666666667
2.0083239888148228
1.5926098503028356
3.4946993052145956
1.6531265119078853
0.5061260888210573
0.0873474631603699
0.9933333333333333
0.9376765036115558
0.7525814861535309
2.1901704502382984
2.0780228722123866
0.4324282868003238
0.1575439259184961
1.0191666666666668
1.6762564793392585
1.3807978193056556
2.1474231236009018
2.1447126861572201
0.3685371486885636
0.8010668276305921
1.0183333333333333
2.0560174697859566
2.1162459766848087
2.4136975165235128
2.4496967119641226
0.6361850482764275
0.5198971918311557
1.0416666666666667
2.1474273608826024
1.3145723996648826
2.2703127688231461
2.8386658124875908
0.6496664788567585
1.6231586288988602
1.1391666666666667
0.0659646860557359
-0.0437709789341056
-0.6975617066816540
2.8750844505149757
0.8409085998519750
0.2764214599605701
1.2283333333333333
0.3713374325849372
0.5800893132630449
-1.4183398543630972
2.8251672891735780
1.0488022075042736
0.6041279876167458
1.3525000000000000
0.5023678550147679
-0.0250503382756619
-3.0902902297280832
2.8566874301712346
0.9146144618823460
0.1723527618080389
1.3908333333333331
0.5512184050469386
0.0863998645534707
-2.6984763615234328
1.8738144201242903
0.4541892902349076
1.1544244849275316
1.2058333333333335
-0.3681926717664510
0.9015363582151963
2.0226926050040674
1.4520414864401801
0.5448453915088081
1.0383011301592795
0.9975000000000001
0.2984666677452879
-0.0360670051491070
0.1341244988304027
1.8278754141497870
0.9808109475970994
0.5776621540726978
0.9733333333333333
0.2998936637147835
-0.1021156509424372
2.7933977639504235
1.9545190097288128
1.1033793706096251
-0.0777293538906960
1.0433333333333332
1.6493491906395548
1.9312046990720546
1.9192297871708490
1.0519429283546060
1.0872571051656621
1.9280467119030789
1.1966666666666665
1.3448885282446099
1.1721669200029510
-0.9944980657084841
2.0164994449777964
1.0432618115874703
0.4309663621329030
1.4950000000000001
0.2704796438604262
1.5047813443443374
0.6747647576700047
1.8072971444375412
0.9845170035991391
0.9479102790411176
1.4858333333333336
-0.0542259746338232
-0.3244775632347796
2.7814704384124127
1.3997590698779163
1.4056217133587179
0.4901696611027191
1.4791666666666667
1.1169510240059708
0.6117876890180582
2.6945294812606448
1.7301990979502762
1.0355470274676648
0.3630771700063278
1.6416666666666666
-0.1220443698871350
0.2243818445527950
-0.1800852836825868
1.7989578758977700
1.2872386178182538
0.0920935954153030
2.0816666666666666
0.1914417242168156
-0.1560024401773603
0.6375315086908984
1.8008947523919687
1.4305082340063002
0.3794959303554819
2.2458333333333331
-0.9588620767276552
0.1702942311837319
-2.9836359364659302
1.4905318537660150
1.2941867582187072
0.4836378439097047
2.2349999999999999
-0.6854064872994741
-0.1683783398140122
-1.6000569201882797
0.7728725620561363
1.4181994968407441
0.7605359216499910
2.1433333333333331
-0.3455030290771219
-0.3321982262772849
-1.8988917157342939
-0.6843200919445280
1.3655597265893160
-0.0807454788044470
1.9700000000000000
0.3161149079552388
0.4843307253967168
0.1038054041403882
-1.6500092091378633
0.7952833563932504
1.3100575633900124
1.6758333333333333
-1.6611910085831596
-0.8492239772485846
-0.6160373543951323
-2.2923626050400685
1.2830134128900994
-0.4531331314205840
1.3916666666666668
2.1773908717316317
0.7797339083189172
1.8620678155900521
-2.6624200462850922
1.4921682521648272
0.5528927949642153
0.9641666666666667
-0.0067878399013352
0.1764295251467729
3.5735243157802756
-3.0158136664891231
1.3036900649479044
0.3027701854327969
1.1408333333333334
0.2371710009739445
0.2098136418072727
1.5494659051960298
-3.0613851093374933
1.0054155555908384
0.1827172330844107
1.3683333333333332
-0.2813399203957943
0.9132895183643086
2.2083625371392372
-2.3563584363571408
0.7977991674085860
-0.0134814213059684
1.1875000000000000
0.6336775053268866
-0.3054520793799611
2.9512505814544170
-2.1711757626288772
1.5532518759621361
1.1444068938580401
0.8850000000000000
1.8094774653254717
1.3571530249715806
1.2721329147656206
-1.8851543084495574
0.5959173979155796
0.5383102624778839
1.0750000000000000
0.4178734065677645
0.9090018709078436
0.5893794049832479
-1.8080200961912283
0.9666404222000491
0.5259245994675315
1.1850000000000001
1.1461563824586847
1.3386411753532457
4.2110562398115121
-1.8054567204073351
1.3201728631307308
0.5147410036889060
1.2858333333333334
1.9927652608114386
1.3090389270159335
3.4212152960775768
-1.4069339555433658
1.1934244640234848
1.6741555336431500
1.6341666666666665
0.6332804413082158
-0.1844828371711742
0.5273844079845560
-0.7896780280677263
1.5355388083194477
-0.1320069966811168
1.9541666666666668
-1.0491473549612920
-0.2761603425041699
-0.6192741372955197
-0.6788412830021002
1.9304526295905511
0.1385866961540785
2.6400000000000001
0.4438455099616476
-0.7298018086397633
-2.2084885271716246
-0.5029370759915537
1.9610889953768140
0.0660074419850947
2.4991666666666665
-1.3821134435271460
-0.3510314057374444
-2.8793163707233020
-1.2200151871828098
1.8934116737101103
0.4207411824593468
2.3308333333333331
-0.2193869582557682
0.3086902380222227
-1.3784979202870602
-1.8692311757484390
2.3276836397506884
0.2531047558365440
2.8125000000000000
-1.4738239201109309
-0.3267845741546580
-1.2908330963056471
-2.3720740209359406
2.8965791506478489
-0.0706454192074997
3.0225000000000000
-0.8933281006366087
-2.4140604798094500
-5.3416637477179734
-4.0089842962613602
2.9476526096803290
-0.1993880402971495
2.3366666666666664
-1.6886516777340148
-0.0695735326093541
-5.6430465335924680
-6.7892774266964011
2.2712118922945113
0.4035389444083197
1.5758333333333334
0.2565530715402247
0.8879627436002693
-1.1129139928830227
-7.3877795628799845
1.5107969777790498
0.5212032713166757
1.3550000000000000
1.1095239086300808
0.8674523256601106
1.2079239960249026
-6.8262738747288836
1.8412942662348719
-0.1318509303048208
1.5400000000000000
0.8112571396430894
0.4760611473417953
1.0944048347306818
-6.3237517906244420
1.7438993046174023
0.2142052152932497
1.3533333333333333
1.7476912448921667
1.5041957601488321
3.4695023200284822
-5.1496765799580544
1.0994307541893455
1.0924378165752460
1.2066666666666668
0.2945440039788991
0.2387522268572297
1.8874929010502797
-5.2419828136388560
1.0648867946095208
0.8143631403272442
1.2991666666666666
-0.0047031203733923
0.7190807823414502
0.5818833798864489
-5.2731452961164109
1.3586996177862076
1.0067194720027617
1.3208333333333333
0.2702160558678770
0.6128767520625047
4.3108809811264166
-5.3568801508919250
1.8084829202150043
0.2481448379326769
1.2183333333333333
0.7633680410018542
0.8681709990869990
3.6794533722304550
-5.0133160263967511
1.6257383075454879
0.1397552163266154
1.1650000000000000
1.4760179570178025
0.3329546240479431
5.3906935039637176
-3.8583717615583168
1.4371305693588354
0.5431321602591073
1.2891666666666666
1.2858888714525847
0.7544239065053944
1.8455005325942295
-3.8241274200703401
1.2096070970411432
0.7322014886690509
1.4550000000000001
-0.4547530014234553
0.3071495744812296
1.3222834167708868
-3.0426413698770602
2.1552309976429207
-0.4865391191414736
1.6283333333333332
-0.1075183637300370
0.3310214546514771
0.7952584924862833
-3.2770617624872216
1.4781214598601267
1.3192637443804784
1.6891666666666667
3.4326540454246697
1.9064861118802128
6.8330267894110364
-1.4891275594557669
1.8168958818802761
0.0054780137648822
1.8208333333333335
0.5234748757476382
0.0695540932417771
2.6542210893016431
-1.5550875251752814
1.6434888974673711
0.1462680482869052
2.0249999999999999
0.8412417467225168
0.1090787449272739
1.5513797253455266
-1.0837381669643946
2.0941711838770694
0.3155839740289816
2.3958333333333335
-0.2534789711048688
0.1760871422529249
0.6890266373879115
-1.0483025257519785
1.7467232967982138
1.0282679984920415
2.5183333333333335
-0.3255747982310595
-0.2235231846005377
-1.0610450056062177
-1.8355688954857214
2.4388936579767151
-0.3554849676925308
2.5449999999999999
0.2609842015301638
0.8239532121081084
1.6380646561674155
-1.3212303085878716
2.1317092885938305
0.1109942901506005
2.7366666666666668
-0.2234393427963823
0.1621481548939414
-1.4105988065562940
-1.3345654017869606
1.9796758424382332
0.4108762429172066
3.3941666666666666
-0.1069944660727060
0.2702714409978171
-1.6402663825883792
-2.0224465955653272
2.0869581959049643
0.8230434527390986
3.7616666666666667
-2.4290848240386822
-2.4550662764679601
-9.3863369059654360
-4.1145088997449761
2.1868528569371382
0.4548101874570520
3.1716666666666669
-0.5813641386758945
0.7252632466970113
0.4477797186951591
-4.6824725379512984
2.2445780105573743
0.3290934538476166
2.4591666666666665
1.4916588958726607
0.6916701797032374
2.9586094123757505
-4.1281521530316354
2.7317731290630753
-0.0458462240362348
3.9633333333333334
1.6601097779641805
0.0874551993622390
0.4818142422842868
-3.6347488547570492
2.5461811454889016
0.0694867193839652
4.1425000000000001
-1.1128800826453471
-0.5259797980554595
0.6845792768393437
-3.7997506886848100
1.8620010026975997
-0.1554749472789782
4.4450000000000003
0.8644045970899015
-0.0667060690821017
-0.4303874242500854
-4.8506100805585106
1.7642690718554732
0.4115489810162806
4.3941666666666661
-1.5932107246185296
-1.3958960811911538
-0.5913125944670128
-5.3950065825547426
1.8078086421292383
-0.3287348419896562
3.3966666666666665
-1.9489263788146900
0.2592093847590036
-3.3658816206788913
-6.9543603674072187
1.3509740652028590
1.2256580112200761
3.5566666666666666
0.2307025693120295
-0.2109993308417870
-3.8933460937351754
-6.5255581178147963
1.2062443907280063
-0.4144746170494131
3.6283333333333334
-0.6691460541219385
0.6269378823756142
-3.9814511480496435
-7.0191533458854565
1.4025922453264172
0.1623849213862842
2.7516666666666669
-0.2145182303727324
1.5352356274434555
-1.3946595589797823
-7.7491341974520083
1.0720713486951361
0.1625122335348330
2.3216666666666668
0.9608551685829525
0.7516436026322708
0.6044360055314542
-7.6933155908862432
0.8187116396909389
0.2491856178944847
2.1633333333333331
1.9698992744764610
1.8996565146629791
2.3857492051587883
-6.9503729372702878
0.7195889949868750
0.0362725024057799
2.2008333333333332
1.6718675180424043
1.7688424525959476
4.3551399818321102
-4.8913133189035420
1.0186480656892982
-0.4180456596680982
2.3650000000000002
1.7389619344992298
1.1984657669380567
4.7851539828893692
-4.2208460894248674
0.7526892730576051
0.2897624605307452
2.3574999999999999
1.5218721748182134
0.2681837579191893
1.5179044421250580
-3.2015073315043310
1.2420275735175679
0.0824951014845881
2.4216666666666664
1.4520484065466235
1.2757360470438357
3.3555551975770186
-2.0391951131728092
0.8595892065494049
0.0137787903259654
2.6391666666666667
0.7006936097184280
0.4777218197170896
1.3558371326425345
-2.2920934714680925
0.7963578250949510
0.6425159201150068
2.8475000000000001
0.5146953951694968
1.0002745493595171
1.1230878265044453
-2.1430691962688684
0.6337212600573849
0.0780255168290123
2.3166666666666669
0.7005844987510272
1.3961844917919279
-0.2682560224156987
-1.7316473030963948
1.1196859743157539
0.1488299784159186
2.1191666666666666
0.6114787099256773
0.8561546662881483
0.5887340688551603
-1.7076792515613306
0.5695556292780069
0.2672693377735831
1.9808333333333332
1.2895741674336705
1.8427881698983128
-1.0684237972760400
-1.7961506429581391
0.4132355867544568
0.9660966264791417
1.9750000000000001
0.4693749888737102
0.0710181743050953
1.5890759814684543
-1.5097039360520057
0.6437040074826150
0.9867668950117681
2.0258333333333334
0.4586685306165919
0.5441780393506974
-0.4066131860325584
-1.5431927294476395
0.5151102981375111
0.8235977801084529
1.9566666666666668
0.1210880679914226
0.3262524980492572
-0.2708175637266095
-1.9783392950530470
0.5124705039893485
0.4140748405895947
1.7300000000000000
0.6679965030018593
1.6052789390339512
-0.5643361703929770
-1.7642859821410752
0.5770826385772310
0.3409565959189687
1.5516666666666667
0.2102447670698666
0.4000897339618632
0.3990368246193157
-1.4840482592972535
0.6516953827704342
1.0311922302452272
1.5666666666666667
0.3060360450023154
-0.0092340522940617
-2.8547358094848505
-0.5970994272504981
0.8228332891212276
-0.6945459078322802
1.5549999999999999
0.8054516175817525
1.3810323866905492
1.0634178981799494
-0.2301395249276084
0.5434459508409262
0.3499869225356580
1.6625000000000001
0.6358797617137952
1.1229685024063656
1.2801682504414487
0.1319894679623985
0.7422782138494455
0.2691084098433771
1.7108333333333334
1.4849702241782552
0.1196197582393666
-0.1658826861626608
0.6661624709895477
0.7232887424476253
0.5267275339754844
1.7291666666666667
0.2153283690009857
1.3930319235446404
-0.3605258477638813
0.2988431733170955
0.8468864780456720
0.7551194403727681
1.6658333333333335
1.0345014561005428
0.6329574967269309
1.3618326246048582
0.8297657999188459
0.9513905516230992
0.1428452904712803
1.7891666666666666
0.2872256454536455
0.6628909544283488
-0.5092964921543342
0.9181283466599552
1.1106749763334811
0.0912625702449841
1.9958333333333333
1.0883557548576164
1.1697437515560409
0.9917360884074640
1.7084781566323954
0.7471265282197770
-0.1515321529346778
2.1175000000000002
0.7298027969516170
0.1476367969454486
0.0894480675246427
2.3885250345980467
1.1251512160440846
-0.8879031806810591
2.3608333333333333
0.4355077333550526
0.5947188414063476
-0.4334125468419074
2.5845675148986516
0.9544407429259216
-0.5996207373162337
2.4316666666666666
0.4831458246648026
0.6485564188386093
1.2161074606771649
2.7014625845320097
0.7060963288152422
-0.0002110448527670
2.2708333333333335
0.0307172983364126
0.3712754723199510
-2.0576855744927229
2.3240251778366314
0.6898147426347201
0.7071812013853540
2.1533333333333333
0.3481742138488926
0.2906210718581974
-0.1830857234229200
2.3591491406423870
1.1890002402203947
0.6438116602096358
2.0625000000000000
0.0448378415075013
0.0386311423858956
-3.3856816610411329
1.5532181157914806
1.1578126196591931
0.9759011191538924
2.0608333333333331
-0.2238142180841578
0.5432590652996510
-1.5728227233290681
0.5858723616589714
0.8815915847930178
0.6619892281909223
2.0400000000000000
-1.0295894417165528
-0.4497979874981866
-3.2922856275669119
0.0188529915168374
0.7469201639357159
0.1245450463086577
1.9358333333333331
-0.7236665382964702
-1.0721999274744007
-4.1541588859154785
-0.9846520803969270
1.1788050281718476
-0.4224535024473948
1.6066666666666667
0.4446409877690485
0.5789877714664726
-1.0060248143612682
-1.4318756642043695
0.6424681347663608
1.1709148890376362
1.4658333333333335
0.2383581052912405
0.1862377849503218
-0.6644272434108700
-1.5341303551649048
0.7068171286537250
0.4492651114538990
1.4108333333333334
0.1910692701670769
-0.0942965263650990
-0.9483224665327441
-1.7948457890798863
0.5224524733348446
0.5170579266991187
1.2041666666666666
0.8096975961123007
1.5804544003542560
0.0194601258561136
-1.7784664130069814
0.6025982535340368
1.3431876614001048
1.0058333333333334
0.7350085274372304
0.4437921781404839
3.1280342984495633
-1.4235688896089869
0.5456325233036630
0.2624526820902027
0.9425000000000000
0.7072954627755053
0.9637568088011221
0.9403110707725091
-1.4000485555691284
0.4514680354526846
0.9471561620213169
0.8141666666666666
0.7897547581823119
0.9618342898053243
2.5074400125438672
-1.4382266443709568
0.5172554430869170
-0.1212153214772691
0.7591666666666667
-0.1317938177328415
-0.1528502427223089
0.1054350716945862
-1.2019847281265470
0.7760317308044940
-0.5785983004326720
0.7600000000000000
0.2741675889545832
0.7469278484959432
1.7340610714673517
-0.4815354739531017
0.5491864147340486
-0.1554851188001418
0.7500000000000000
0.2487904580012810
0.7358879169162265
1.3123355567016972
-0.2903988537138957
0.4299621921401986
-0.0378048268220361
0.7650000000000000
1.0536112164775204
0.6031545296278296
3.6777713765822284
-0.0387475382107141
0.5270045078613173
-0.1363790111547907
0.7475000000000001
0.7745162048296379
0.6552355828642362
0.9887267636798924
0.0187502639077479
0.6046509217665808
0.5581528777453180
0.8033333333333333
1.0733778833206316
0.6190425431615267
2.0576803462550401
1.0830021346545209
0.4188674439576268
-0.6117315345981407
0.9850000000000000
0.2903190515590950
0.6923562321703116
0.4786134567010549
1.3426749641535594
0.6382858930002122
-0.7348576049961757
1.1216666666666668
0.8869883567884926
0.6956742091589376
2.1851319250213237
2.0363200364888598
0.4650607339456769
0.1129755576043063
1.2916666666666667
0.1351204061971885
-0.1362967544577600
1.8974539165884039
2.1151843691444583
0.6334892569882733
0.1320647211445785
1.4524999999999999
-0.0302963924410733
0.8105793010743696
-0.6129510722132636
1.5324735520038075
0.3588005310636078
0.2115432203233674
1.5049999999999999
0.5537983818084058
0.5667640295062029
0.7297557351709827
1.8158434046038110
0.4670165101336998
0.1000927602478559
1.4491666666666667
0.4551693173975764
0.3459642345476937
1.3058294377785842
1.4750642634213591
0.4799438469806461
0.4581493363959588
1.4299999999999999
0.4905977795436911
0.6446762229933825
1.3206350832292060
0.8214863026002490
0.6395773732814192
0.3822615225863970
1.3408333333333333
1.3740344823318082
1.1137590715833880
2.2919366500889851
1.2556676665085433
0.3540356770608710
0.5659340127814865
1.3108333333333333
0.5505855606015757
0.4389044978930770
1.9930718131516585
1.8115307001600627
0.3112842980490527
0.4186459501121291
1.3266666666666669
0.8599411881724564
0.6644106447184868
0.7665043900715318
2.3950158551028267
0.5297224185137672
-0.0762069019746487
1.3200000000000001
0.3055183053264727
0.4274189271732780
0.6761244573744420
2.7392700783060491
0.6374557215600873
-0.0059696356926242
1.3191666666666668
1.2917729421340027
0.2779346573347539
1.6326281844640391
3.0777345272386469
0.1597813858278840
0.5570675620333141
1.3808333333333334
0.9756962672112195
1.2943997932079014
3.1924860475026549
3.4851745817617825
0.3439240047276471
0.6334271779703506
1.3833333333333331
0.4554198385060317
0.7557594788754614
0.0901341524239569
3.4328183770603573
0.3260531679462275
1.4268400926300622
1.3766666666666667
0.8752171733312935
0.6972803723513721
1.9687692063371856
3.5201998230414802
0.2532108576698278
1.5548452838376399
1.3799999999999999
0.4097868357563357
1.3270999750704391
2.2603580757524355
3.3374235792113041
0.1663738178695695
1.2737188375128206
1.3750000000000000
0.8632689131798088
0.8853120275238098
0.7041412070320234
2.9926768876599112
0.3640157714941417
1.1385166691808983
1.3833333333333335
1.2088532301413579
1.0630896323995671
2.1901625601574892
4.1360326869692017
0.3451593328223979
0.2331157193688043
1.2150000000000001
0.4686271597732912
0.4624994687094954
0.9422325275847925
3.9523792259595893
0.4056383031652899
1.3903283366539014
1.1833333333333333
0.5556122382679405
1.5732869366757996
1.7968652925303559
3.9869903123856716
0.3548685276077990
-0.0317664694631681
1.1866666666666668
0.8661096839817901
0.9494921309968731
1.1156540109589059
4.0581322512895213
0.3464720079729311
0.5367131788099258
1.2733333333333334
1.4653937924144884
1.0991010751952217
-0.0724456805704108
4.0902605206650833
0.4265831508967644
1.6304514056661326
1.3266666666666669
-1.1805172551621581
0.1229460149645547
0.9448660249863110
4.1889353027858078
0.8950800343951570
2.4924648145833999
1.4199999999999999
1.2902272670448838
0.4176380622990337
1.8864385434488327
3.7626512915196599
0.4300174413297775
-0.1276740515300858
1.5683333333333334
-0.4330107317323382
0.5899308400777841
-0.5242450433841555
3.0612430738311218
0.5139908517817204
1.4292691022059110
1.6299999999999999
0.2176949885086970
0.5784411184843066
-0.2987321832365524
2.8317993364582890
0.4051268450083967
0.1116701708359287
1.6183333333333334
-0.3760359715882942
0.1616466273459309
-1.7834731206650645
2.4519507805185867
0.8033920051684795
0.8760925238965385
1.3983333333333334
0.0107063410557657
-0.1727091143459916
-2.8822804082149105
1.1943814797004393
0.7598328413859434
-0.1102455698413891
1.0816666666666668
-0.6713939199339620
-0.1492303476894108
-1.3318765802063126
0.2062386088538233
0.4128305208802807
0.0178951988777101
0.8741666666666667
0.0742633694899268
1.0025169543824290
-3.6076080077971824
-0.6882984326156816
0.5012980099562192
0.2835793692509050
0.5333333333333333
0.5832383958778564
0.1665040936673563
-1.9034957304555178
-0.8328366848206770
0.2506764249368132
1.0205271338994422
0.4333333333333333
0.3408536863817062
0.7116469997329773
-1.6104932868108222
-0.6800859238335875
0.4446359339524086
0.4635086238717037
0.4375000000000000
0.3362569161099600
0.5770849258065596
-0.6754291246462572
-0.7518835500107457
0.3189948610447857
0.0281071882430552
0.4350000000000000
-0.1253063657057965
0.1680490812566404
-0.3303873133428397
-1.3975297949517653
0.4870939557211074
-0.2102771699598165
0.3608333333333333
-0.2850663309850461
-0.0205252293212652
-0.4281096157464503
-1.7994969762077631
0.7115301217385905
0.6611750294112042
0.3125000000000000
0.7527804338874375
0.5939747424839084
1.9790803970848856
-1.9825964648683794
0.2830114667568218
1.0711053649605233
0.3116666666666667
1.4525463912826808
0.9631003684633583
3.7743408885491476
-2.4748034833632460
0.3293279125712090
1.0730322982034224
0.2541666666666667
0.6810413282428272
0.4777705302407753
2.4871762186638762
-2.0915939201924516
0.3526577564861633
0.6371226762398905
0.2516666666666667
1.0171610390515298
1.0627236580349404
0.8430840766246774
-1.8873967195615364
0.6764336801052373
-0.1525294038530731
0.2508333333333333
0.5791106269340389
0.1344907690389618
3.2711524518601323
-2.2873898139582707
0.7866706616546537
0.6400720874456951
0.2525000000000000
0.6645650055423857
0.8904209825686280
2.1679860200592316
-1.8790714090014831
0.3592292908442651
0.9839312920218717
0.3583333333333333
0.6143868479942967
0.7882262742077160
2.1819249917839443
-1.7604936224731773
0.5680632238719952
0.2544659310340265
0.4875000000000000
