0.0000000000000000
0.0000000000000000
0.5574441483255903
1.1091102592725832
0.5952878492190047
0.3197500396687806
-0.4442434425766821
-1.1868407074725194
-0.6404981820923525
1.3913972963943877
-0.0191177900273010
2.3785296714632604
0.8820260590386209
1.3780235383791193
0.9734102601968703
0.1334754618188301
1.2799215258754808
0.3507721310440269
1.7850422912624564
1.0226326262901895
2.7280509732221780
1.7340967057501862
2.7095163504227742
-0.0415782828691956
2.7918595187183879
0.7890533434136204
1.7467146641329432
-1.2519468616577956
1.4028390746599861
-0.4363854935276260
0.7627425639498835
-0.7287287100218958
0.0536351520093700
-0.9553897614189755
-0.0896356059285583
0.2052232367232934
-1.5968353783463325
-1.0624870753767295
-2.3650371394261587
-0.3848822689671640
-2.5202485624807167
-0.9832157033389698
-2.5029595820359529
-0.5004880348715300
-1.4366075684815582
1.2468617679593401
-1.4365592141894628
-0.4081551205521979
-2.4125151998289529
-1.5114132333303623
-2.9865700665211956
-0.9768105029932536
-3.4338410730976801
-1.8783223373165288
-4.0746304144581398
-2.8075841866880644
-5.1480130486460522
-3.7994144041511895
-6.5948813870903216
-3.9617083537433020
-6.5108528641603804
-2.1629392473571256
-7.1226951467245359
-2.6655121575785734
-7.0033785685575944
-3.0573187664513730
-6.9397892571612259
-3.0526337145617255
-6.3611070972869426
-2.0711176081506424
-5.5686008419662318
-1.8913404563221616
-5.8065605824238657
-2.2045369115121742
-6.1431578572371048
-2.1576958805813340
-6.0027278686003562
-1.7893895768807391
-4.9099314160336816
-0.5687045022673745
-3.5853328332416372
-0.8187588143487361
-1.5182540051557898
-0.8093548706625315
0.6474567422528674
0.1098070232544911
2.7541609996578824
1.4681545224816013
3.7746854978872766
0.3599787598109786
4.4367469478368422
-0.3094716343536886
3.7919363670422381
-2.6423357085739716
2.8080043955145144
-2.7483017874471085
1.1833513530269264
-3.2849536546051299
0.4725971669091632
-1.9272191184763627
-0.8796013529820423
-2.8980357811894977
-1.7445135965993714
-1.9748601281396729
-1.8544160342907996
-1.6614102286768284
-1.9584339085335469
-2.1756832663793357
-2.1679547000113284
-2.9584556964305255
-2.2349977311993512
-3.0121001209686256
-2.6004839747067550
-3.2198931809093905
-2.3196624551649281
-1.0595122809200739
-1.6141769162289650
0.1085878007751851
-1.8332657064989732
-2.3131955530329842
-2.2467079088849964
-2.4279708451456958
-1.8958715463061224
-2.3728850465642521
-1.8005098769989418
-1.5756442400758910
-2.7421432521318869
-2.9040804107983527
-2.5410938297823016
-1.1081476274394173
-2.4869235673415626
-1.8376417458720402
-2.1046767997922560
-1.7917506259097296
-2.0069684194925936
-2.0919485727840899
-2.3265805954193959
-2.1950670275258171
-2.9628109488218874
-4.1233540782175337
-3.5014809288494302
-3.6079764440498518
-2.6684660103991029
-1.3981807613476402
-1.5627891551823383
-0.7824653311689688
0.1972948245521929
0.5255397405700608
1.5723777090565538
0.2029903806711622
2.7802550282607523
1.0170564823587338
3.5846666673149787
0.8013803407095179
5.6990282202303355
2.6704768385811795
6.7416459534191970
0.8027696050538691
6.7374111911047230
-0.4740763540515178
6.5800235890416410
-1.2930051815006847
6.2833442760982585
-0.8125473751515436
5.4921901979621106
-1.4283257950959800
3.5863169590635282
-2.7388867407297708
1.8369403490722240
-2.4767235876343565
0.2870431937121312
-2.3850411523219699
-0.3758735685583285
-0.2152436264111056
-0.9128115442522438
-0.3254962662870404
-1.4035030785364300
-1.0683830244622898
-2.6324850454323547
-2.5716767498753774
-3.7832436069186923
-2.3533114392898944
-4.4713837222831341
-2.3289955977442585
-5.1495569923556586
-2.7339319496886394
-6.2072855041319448
-2.9229705617673951
-5.3770868991911378
-0.3967492568567640
-4.1753189411107847
0.8145396048888518
-1.9407476115789395
3.0272954692909537
-0.8465515635065067
0.6390279280555289
0.2927371147529309
0.6884930072193538
1.5871342055946525
0.8534924149473711
